%YAML:1.0
---
type: IMU
name: "9250"
Gyr:
   unit: " rad/s"
   avg-axis:
      gyr_n: 4.3458704372020396e-05
      gyr_w: 1.4130084694399372e-06
   x-axis:
      gyr_n: 4.5494916148238559e-05
      gyr_w: 1.6353285244258248e-06
   y-axis:
      gyr_n: 5.2320727088739965e-05
      gyr_w: 1.7728580877413210e-06
   z-axis:
      gyr_n: 3.2560469879082671e-05
      gyr_w: 8.3083879615266612e-07
Acc:
   unit: " m/s^2"
   avg-axis:
      acc_n: 2.8078202284887905e-02
      acc_w: 1.3746711336113347e-03
   x-axis:
      acc_n: 2.2041807484307622e-02
      acc_w: 9.4506974883297370e-04
   y-axis:
      acc_n: 2.2434332708600711e-02
      acc_w: 1.1729130798484092e-03
   z-axis:
      acc_n: 3.9758466661755379e-02
      acc_w: 2.0060305721526215e-03
