cam0:
  camera_model: pinhole
  intrinsics: [314.88553720251514, 314.9285804963858, 326.9409922714454, 220.92580503605765]
  distortion_model: equidistant
  distortion_coeffs: [-0.033486506190876564, -0.009600031841612875, 0.004518892915124697, -0.0021330747887565735]
  rostopic: /image
  resolution: [640, 480]