cam0:
  T_cam_imu:
  - [0.9793590317264401, 0.1961169455894, 0.048928832282543785, -0.004715540019703643]
  - [-0.18820002823761103, 0.7964501248489424, 0.5746720351639409, 0.1075057783974932]
  - [0.07373354967185143, -0.5720186555356281, 0.8169198377882619, 0.06870467066326288]
  - [0.0, 0.0, 0.0, 1.0]
  camera_model: pinhole
  distortion_coeffs: [-0.033486506190876564, -0.009600031841612875, 0.004518892915124697, -0.0021330747887565735]
  distortion_model: equidistant
  intrinsics: [314.88553720251514, 314.9285804963858, 326.9409922714454, 220.92580503605765]
  resolution: [640, 480]
  rostopic: /image
  timeshift_cam_imu: -0.5430828983501427
